
0 1000 250 100 64
75 1000 250 100 64
48 1000 250 100 64
27 1000 250 100 64
96 1000 250 100 64
20 1000 250 100 64
55 1000 250 100 64
68 1000 250 100 64
7 1000 250 100 64
83 1000 250 100 64
40 1000 250 100 64
35 1000 250 100 64
88 1000 250 100 64
12 1000 250 100 64
63 1000 250 100 64
60 1000 250 100 64
15 1000 250 100 64
91 1000 250 100 64
32 1000 250 100 64
43 1000 250 100 64
80 1000 250 100 64
4 1000 250 100 64
71 1000 250 100 64
52 1000 250 100 64
23 1000 250 100 64
99 1000 250 100 64
24 1000 250 100 64
51 1000 250 100 64
72 1000 250 100 64
3 1000 250 100 64
79 1000 250 100 64
44 1000 250 100 64
31 1000 250 100 64
92 1000 250 100 64
16 1000 250 100 64
59 1000 250 100 64
64 1000 250 100 64
11 1000 250 100 64
87 1000 250 100 64
36 1000 250 100 64
39 1000 250 100 64
84 1000 250 100 64
8 1000 250 100 64
67 1000 250 100 64
56 1000 250 100 64
19 1000 250 100 64
95 1000 250 100 64
28 1000 250 100 64
47 1000 250 100 64
76 1000 250 100 64
0 1000 250 100 64
75 1000 250 100 64
48 1000 250 100 64
27 1000 250 100 64
96 1000 250 100 64
20 1000 250 100 64
55 1000 250 100 64
68 1000 250 100 64
7 1000 250 100 64
83 1000 250 100 64
40 1000 250 100 64
35 1000 250 100 64
88 1000 250 100 64
12 1000 250 100 64
63 1000 250 100 64
60 1000 250 100 64
15 1000 250 100 64
91 1000 250 100 64
32 1000 250 100 64
43 1000 250 100 64
80 1000 250 100 64
4 1000 250 100 64
71 1000 250 100 64
52 1000 250 100 64
23 1000 250 100 64
99 1000 250 100 64
24 1000 250 100 64
51 1000 250 100 64
72 1000 250 100 64
3 1000 250 100 64
79 1000 250 100 64
44 1000 250 100 64
31 1000 250 100 64
92 1000 250 100 64
16 1000 250 100 64
59 1000 250 100 64
64 1000 250 100 64
11 1000 250 100 64
87 1000 250 100 64
36 1000 250 100 64
39 1000 250 100 64
84 1000 250 100 64
8 1000 250 100 64
67 1000 250 100 64
56 1000 250 100 64
19 1000 250 100 64
95 1000 250 100 64
28 1000 250 100 64
47 1000 250 100 64
76 1000 250 100 64
0 1000 250 100 64
75 1000 250 100 64
48 1000 250 100 64
27 1000 250 100 64
96 1000 250 100 64
20 1000 250 100 64
55 1000 250 100 64
68 1000 250 100 64
7 1000 250 100 64
83 1000 250 100 64
40 1000 250 100 64
35 1000 250 100 64
88 1000 250 100 64
12 1000 250 100 64
63 1000 250 100 64
60 1000 250 100 64
15 1000 250 100 64
91 1000 250 100 64
32 1000 250 100 64
43 1000 250 100 64
80 1000 250 100 64
4 1000 250 100 64
71 1000 250 100 64
52 1000 250 100 64
23 1000 250 100 64
99 1000 250 100 64
24 1000 250 100 64
51 1000 250 100 64
72 1000 250 100 64
3 1000 250 100 64
79 1000 250 100 64
44 1000 250 100 64
31 1000 250 100 64
92 1000 250 100 64
16 1000 250 100 64
59 1000 250 100 64
64 1000 250 100 64
11 1000 250 100 64
87 1000 250 100 64
36 1000 250 100 64
39 1000 250 100 64
84 1000 250 100 64
8 1000 250 100 64
67 1000 250 100 64
56 1000 250 100 64
19 1000 250 100 64
95 1000 250 100 64
28 1000 250 100 64
47 1000 250 100 64
76 1000 250 100 64
0 1000 250 100 64
75 1000 250 100 64
48 1000 250 100 64
27 1000 250 100 64
96 1000 250 100 64
20 1000 250 100 64
55 1000 250 100 64
68 1000 250 100 64
7 1000 250 100 64
83 1000 250 100 64
40 1000 250 100 64
35 1000 250 100 64
88 1000 250 100 64
12 1000 250 100 64
63 1000 250 100 64
60 1000 250 100 64
15 1000 250 100 64
91 1000 250 100 64
32 1000 250 100 64
43 1000 250 100 64
80 1000 250 100 64
4 1000 250 100 64
71 1000 250 100 64
52 1000 250 100 64
23 1000 250 100 64
99 1000 250 100 64
24 1000 250 100 64
51 1000 250 100 64
72 1000 250 100 64
3 1000 250 100 64
79 1000 250 100 64
44 1000 250 100 64
31 1000 250 100 64
92 1000 250 100 64
16 1000 250 100 64
59 1000 250 100 64
64 1000 250 100 64
11 1000 250 100 64
87 1000 250 100 64
36 1000 250 100 64
39 1000 250 100 64
84 1000 250 100 64
8 1000 250 100 64
67 1000 250 100 64
56 1000 250 100 64
19 1000 250 100 64
95 1000 250 100 64
28 1000 250 100 64
47 1000 250 100 64
76 1000 250 100 64
0 1000 250 100 64
