
0 1182 250 100 64
1 1123 250 100 64
2 1206 250 100 64
3 1308 250 100 64
4 1091 250 100 64
5 1004 250 100 64
6 1351 250 100 64
7 744 250 100 64
8 1305 250 100 64
9 1246 250 100 64
10 705 250 100 64
11 743 250 100 64
12 685 250 100 64
13 1035 250 100 64
14 1211 250 100 64
15 1052 250 100 64
16 1051 250 100 64
17 730 250 100 64
18 657 250 100 64
19 1193 250 100 64
20 1161 250 100 64
21 857 250 100 64
22 672 250 100 64
23 642 250 100 64
24 1106 250 100 64
25 1093 250 100 64
26 1106 250 100 64
27 622 250 100 64
28 1093 250 100 64
29 853 250 100 64
30 819 250 100 64
31 1089 250 100 64
32 1034 250 100 64
33 681 250 100 64
34 871 250 100 64
35 920 250 100 64
36 935 250 100 64
37 1233 250 100 64
38 1310 250 100 64
39 1299 250 100 64
40 1279 250 100 64
41 668 250 100 64
42 1155 250 100 64
43 1106 250 100 64
44 1019 250 100 64
45 835 250 100 64
46 785 250 100 64
47 1104 250 100 64
48 1161 250 100 64
49 658 250 100 64
50 1133 250 100 64
51 926 250 100 64
52 1155 250 100 64
53 725 250 100 64
54 1261 250 100 64
55 865 250 100 64
56 879 250 100 64
57 679 250 100 64
58 761 250 100 64
59 1257 250 100 64
60 1030 250 100 64
61 1398 250 100 64
62 1333 250 100 64
63 1072 250 100 64
64 1109 250 100 64
65 790 250 100 64
66 1175 250 100 64
67 1300 250 100 64
68 611 250 100 64
69 777 250 100 64
70 1372 250 100 64
71 1140 250 100 64
72 1007 250 100 64
73 680 250 100 64
74 1085 250 100 64
75 1387 250 100 64
76 1341 250 100 64
77 1011 250 100 64
78 732 250 100 64
79 617 250 100 64
80 1006 250 100 64
81 861 250 100 64
82 1182 250 100 64
83 978 250 100 64
84 942 250 100 64
85 881 250 100 64
86 1340 250 100 64
87 1175 250 100 64
88 817 250 100 64
89 677 250 100 64
90 1335 250 100 64
91 659 250 100 64
92 1016 250 100 64
93 993 250 100 64
94 905 250 100 64
95 615 250 100 64
96 630 250 100 64
97 1100 250 100 64
98 989 250 100 64
99 947 250 100 64
100 1041 250 100 64
99 982 250 100 64
98 1311 250 100 64
97 1268 250 100 64
96 712 250 100 64
95 1128 250 100 64
94 1170 250 100 64
93 1085 250 100 64
92 1173 250 100 64
91 712 250 100 64
90 1023 250 100 64
89 790 250 100 64
88 1009 250 100 64
87 1388 250 100 64
86 880 250 100 64
85 1045 250 100 64
84 1047 250 100 64
83 674 250 100 64
82 1083 250 100 64
81 1369 250 100 64
80 744 250 100 64
79 1337 250 100 64
78 700 250 100 64
77 1127 250 100 64
76 975 250 100 64
75 787 250 100 64
74 709 250 100 64
73 1318 250 100 64
72 1220 250 100 64
71 1257 250 100 64
70 788 250 100 64
69 760 250 100 64
68 750 250 100 64
67 799 250 100 64
66 901 250 100 64
65 1079 250 100 64
64 616 250 100 64
63 1061 250 100 64
62 1283 250 100 64
61 1298 250 100 64
60 839 250 100 64
59 685 250 100 64
58 833 250 100 64
57 1223 250 100 64
56 792 250 100 64
55 688 250 100 64
54 1099 250 100 64
53 828 250 100 64
52 1191 250 100 64
51 1051 250 100 64
50 662 250 100 64
49 1247 250 100 64
48 1282 250 100 64
47 1307 250 100 64
46 729 250 100 64
45 960 250 100 64
44 830 250 100 64
43 1127 250 100 64
42 1118 250 100 64
41 779 250 100 64
40 1302 250 100 64
39 912 250 100 64
38 1046 250 100 64
37 836 250 100 64
36 660 250 100 64
35 774 250 100 64
34 713 250 100 64
33 773 250 100 64
32 945 250 100 64
31 1129 250 100 64
30 1298 250 100 64
29 725 250 100 64
28 663 250 100 64
27 880 250 100 64
26 935 250 100 64
25 712 250 100 64
24 779 250 100 64
23 1209 250 100 64
22 1113 250 100 64
21 823 250 100 64
20 1099 250 100 64
19 1362 250 100 64
18 1051 250 100 64
17 607 250 100 64
16 656 250 100 64
15 834 250 100 64
14 897 250 100 64
13 855 250 100 64
12 1304 250 100 64
11 763 250 100 64
10 906 250 100 64
9 1396 250 100 64
8 901 250 100 64
7 1312 250 100 64
6 634 250 100 64
5 1275 250 100 64
4 896 250 100 64
3 657 250 100 64
2 1323 250 100 64
1 1348 250 100 64
0 1119 250 100 64
