
0 794 250 100 64
17 1107 250 100 64
35 1036 250 100 64
53 692 250 100 64
71 1093 250 100 64
89 1301 250 100 64
92 1350 250 100 64
74 1385 250 100 64
56 692 250 100 64
38 737 250 100 64
20 774 250 100 64
2 671 250 100 64
15 1197 250 100 64
33 1309 250 100 64
51 1208 250 100 64
69 1179 250 100 64
87 1099 250 100 64
94 1125 250 100 64
77 1332 250 100 64
59 936 250 100 64
41 1363 250 100 64
23 1083 250 100 64
5 993 250 100 64
12 1163 250 100 64
30 616 250 100 64
48 1067 250 100 64
66 793 250 100 64
84 1253 250 100 64
97 732 250 100 64
79 931 250 100 64
61 877 250 100 64
43 966 250 100 64
25 1222 250 100 64
7 687 250 100 64
10 1319 250 100 64
27 1013 250 100 64
45 820 250 100 64
63 692 250 100 64
81 912 250 100 64
99 1245 250 100 64
82 674 250 100 64
64 1036 250 100 64
46 750 250 100 64
28 1239 250 100 64
10 1126 250 100 64
7 930 250 100 64
25 624 250 100 64
43 886 250 100 64
61 908 250 100 64
79 1294 250 100 64
97 1003 250 100 64
84 979 250 100 64
67 1124 250 100 64
49 941 250 100 64
31 1022 250 100 64
13 601 250 100 64
4 1238 250 100 64
22 768 250 100 64
40 1273 250 100 64
58 911 250 100 64
76 666 250 100 64
94 744 250 100 64
87 989 250 100 64
69 932 250 100 64
51 1156 250 100 64
33 895 250 100 64
15 835 250 100 64
2 1340 250 100 64
20 1183 250 100 64
37 692 250 100 64
55 889 250 100 64
73 1048 250 100 64
91 731 250 100 64
90 839 250 100 64
72 1039 250 100 64
54 999 250 100 64
36 1284 250 100 64
18 1061 250 100 64
0 1363 250 100 64
17 748 250 100 64
35 1011 250 100 64
53 1091 250 100 64
71 918 250 100 64
89 651 250 100 64
92 1156 250 100 64
74 857 250 100 64
56 1329 250 100 64
39 856 250 100 64
21 1223 250 100 64
3 672 250 100 64
14 778 250 100 64
32 1085 250 100 64
50 1365 250 100 64
68 616 250 100 64
86 785 250 100 64
95 1227 250 100 64
77 771 250 100 64
59 730 250 100 64
41 1005 250 100 64
23 1119 250 100 64
5 854 250 100 64
12 1200 250 100 64
30 1207 250 100 64
48 1142 250 100 64
65 1237 250 100 64
83 943 250 100 64
98 865 250 100 64
80 1200 250 100 64
62 1343 250 100 64
44 999 250 100 64
26 1147 250 100 64
8 1312 250 100 64
9 1182 250 100 64
27 714 250 100 64
45 1300 250 100 64
63 601 250 100 64
81 1334 250 100 64
99 1131 250 100 64
82 638 250 100 64
64 1076 250 100 64
46 1344 250 100 64
29 1176 250 100 64
11 1330 250 100 64
6 1024 250 100 64
24 1303 250 100 64
42 1045 250 100 64
60 789 250 100 64
78 1198 250 100 64
96 1040 250 100 64
85 791 250 100 64
67 855 250 100 64
49 601 250 100 64
31 906 250 100 64
13 1314 250 100 64
4 987 250 100 64
22 1075 250 100 64
40 965 250 100 64
58 1347 250 100 64
75 1051 250 100 64
93 689 250 100 64
88 978 250 100 64
70 843 250 100 64
52 900 250 100 64
34 728 250 100 64
16 1193 250 100 64
1 1162 250 100 64
19 773 250 100 64
37 676 250 100 64
55 730 250 100 64
73 1261 250 100 64
91 871 250 100 64
90 1209 250 100 64
72 773 250 100 64
54 1080 250 100 64
36 954 250 100 64
18 777 250 100 64
1 1353 250 100 64
16 929 250 100 64
34 723 250 100 64
52 996 250 100 64
70 1336 250 100 64
88 876 250 100 64
93 1007 250 100 64
75 833 250 100 64
57 815 250 100 64
39 934 250 100 64
21 955 250 100 64
3 1196 250 100 64
14 1089 250 100 64
32 1250 250 100 64
50 819 250 100 64
68 717 250 100 64
86 662 250 100 64
96 691 250 100 64
78 746 250 100 64
60 1144 250 100 64
42 818 250 100 64
24 1033 250 100 64
6 1160 250 100 64
11 727 250 100 64
29 819 250 100 64
47 745 250 100 64
65 753 250 100 64
83 1204 250 100 64
98 1085 250 100 64
80 782 250 100 64
62 873 250 100 64
44 1191 250 100 64
26 788 250 100 64
8 767 250 100 64
8 1111 250 100 64
26 767 250 100 64
44 1034 250 100 64
62 783 250 100 64
80 1284 250 100 64
98 1264 250 100 64
83 852 250 100 64
65 757 250 100 64
47 1032 250 100 64
29 1052 250 100 64
11 1183 250 100 64
