
0 1397 250 100 64
4 994 250 100 64
8 861 250 100 64
12 1120 250 100 64
16 1134 250 100 64
21 705 250 100 64
25 771 250 100 64
29 1077 250 100 64
33 748 250 100 64
38 920 250 100 64
42 1069 250 100 64
46 1090 250 100 64
50 874 250 100 64
55 726 250 100 64
59 866 250 100 64
63 1083 250 100 64
67 1247 250 100 64
72 677 250 100 64
76 1165 250 100 64
80 1339 250 100 64
84 882 250 100 64
88 784 250 100 64
93 643 250 100 64
97 892 250 100 64
98 667 250 100 64
94 899 250 100 64
89 1043 250 100 64
85 709 250 100 64
81 1145 250 100 64
77 1105 250 100 64
72 1357 250 100 64
68 1284 250 100 64
64 1107 250 100 64
60 1300 250 100 64
55 819 250 100 64
51 1020 250 100 64
47 976 250 100 64
43 789 250 100 64
39 1090 250 100 64
34 1018 250 100 64
30 1396 250 100 64
26 1070 250 100 64
22 1244 250 100 64
17 1069 250 100 64
13 1018 250 100 64
9 618 250 100 64
5 756 250 100 64
0 1232 250 100 64
3 689 250 100 64
7 878 250 100 64
11 892 250 100 64
16 1032 250 100 64
20 1241 250 100 64
24 1049 250 100 64
28 1293 250 100 64
32 1041 250 100 64
37 1272 250 100 64
41 872 250 100 64
45 1366 250 100 64
49 1265 250 100 64
54 1343 250 100 64
58 1019 250 100 64
62 870 250 100 64
66 1137 250 100 64
71 956 250 100 64
75 1077 250 100 64
79 1300 250 100 64
83 1100 250 100 64
88 1151 250 100 64
92 741 250 100 64
96 882 250 100 64
99 993 250 100 64
95 683 250 100 64
90 997 250 100 64
86 754 250 100 64
82 846 250 100 64
78 1019 250 100 64
73 1309 250 100 64
69 754 250 100 64
65 858 250 100 64
61 920 250 100 64
56 812 250 100 64
52 814 250 100 64
48 1393 250 100 64
44 631 250 100 64
39 1093 250 100 64
35 739 250 100 64
31 1360 250 100 64
27 1266 250 100 64
23 983 250 100 64
18 799 250 100 64
14 607 250 100 64
10 997 250 100 64
6 943 250 100 64
1 716 250 100 64
2 704 250 100 64
6 844 250 100 64
10 1049 250 100 64
15 1052 250 100 64
19 933 250 100 64
23 857 250 100 64
27 1384 250 100 64
32 1394 250 100 64
36 675 250 100 64
40 1108 250 100 64
44 823 250 100 64
48 946 250 100 64
53 995 250 100 64
57 1076 250 100 64
61 622 250 100 64
65 710 250 100 64
70 634 250 100 64
74 638 250 100 64
78 802 250 100 64
82 881 250 100 64
87 793 250 100 64
91 1052 250 100 64
95 1340 250 100 64
99 629 250 100 64
95 1122 250 100 64
91 1146 250 100 64
87 957 250 100 64
83 1088 250 100 64
78 1307 250 100 64
74 707 250 100 64
70 700 250 100 64
66 1144 250 100 64
62 1057 250 100 64
57 667 250 100 64
53 1138 250 100 64
49 1222 250 100 64
45 894 250 100 64
40 892 250 100 64
36 1141 250 100 64
32 675 250 100 64
28 1336 250 100 64
23 1168 250 100 64
19 674 250 100 64
15 769 250 100 64
11 1290 250 100 64
6 1388 250 100 64
2 1180 250 100 64
1 1272 250 100 64
5 1233 250 100 64
9 942 250 100 64
14 1171 250 100 64
18 1042 250 100 64
22 808 250 100 64
26 1302 250 100 64
31 614 250 100 64
35 1012 250 100 64
39 1201 250 100 64
43 611 250 100 64
48 1315 250 100 64
52 782 250 100 64
56 1139 250 100 64
60 1070 250 100 64
65 915 250 100 64
69 802 250 100 64
73 871 250 100 64
77 1125 250 100 64
81 1268 250 100 64
86 1360 250 100 64
90 1355 250 100 64
94 1256 250 100 64
98 836 250 100 64
96 773 250 100 64
92 1051 250 100 64
88 963 250 100 64
84 671 250 100 64
79 772 250 100 64
75 703 250 100 64
71 1352 250 100 64
67 807 250 100 64
62 688 250 100 64
58 929 250 100 64
54 1329 250 100 64
50 644 250 100 64
46 1244 250 100 64
41 609 250 100 64
37 979 250 100 64
33 936 250 100 64
29 1137 250 100 64
24 870 250 100 64
20 960 250 100 64
16 983 250 100 64
12 830 250 100 64
7 1077 250 100 64
3 1085 250 100 64
0 610 250 100 64
4 738 250 100 64
9 1218 250 100 64
13 1316 250 100 64
17 1363 250 100 64
21 1013 250 100 64
25 1091 250 100 64
30 1147 250 100 64
34 1293 250 100 64
38 1336 250 100 64
42 1093 250 100 64
47 1390 250 100 64
