
0 650 250 100 64
29 995 250 100 64
58 930 250 100 64
87 867 250 100 64
83 643 250 100 64
54 807 250 100 64
25 708 250 100 64
3 631 250 100 64
32 1325 250 100 64
61 1084 250 100 64
90 600 250 100 64
80 673 250 100 64
51 681 250 100 64
22 606 250 100 64
6 1009 250 100 64
35 654 250 100 64
64 679 250 100 64
93 711 250 100 64
77 715 250 100 64
48 1283 250 100 64
19 1057 250 100 64
9 876 250 100 64
38 661 250 100 64
67 1106 250 100 64
96 1110 250 100 64
74 711 250 100 64
45 1342 250 100 64
16 1291 250 100 64
12 681 250 100 64
41 1142 250 100 64
70 994 250 100 64
99 819 250 100 64
71 1145 250 100 64
42 800 250 100 64
12 977 250 100 64
16 1269 250 100 64
45 796 250 100 64
74 1208 250 100 64
96 769 250 100 64
67 1205 250 100 64
38 638 250 100 64
9 769 250 100 64
19 945 250 100 64
48 966 250 100 64
77 1369 250 100 64
93 755 250 100 64
64 1374 250 100 64
35 1051 250 100 64
6 1171 250 100 64
22 890 250 100 64
51 998 250 100 64
80 1309 250 100 64
90 697 250 100 64
61 1343 250 100 64
32 825 250 100 64
3 925 250 100 64
25 857 250 100 64
54 711 250 100 64
83 1316 250 100 64
87 806 250 100 64
58 606 250 100 64
29 1210 250 100 64
0 1368 250 100 64
28 1171 250 100 64
57 1134 250 100 64
86 1059 250 100 64
84 1308 250 100 64
54 739 250 100 64
25 1249 250 100 64
3 1271 250 100 64
32 1074 250 100 64
61 713 250 100 64
90 769 250 100 64
80 1239 250 100 64
51 810 250 100 64
22 771 250 100 64
6 706 250 100 64
35 722 250 100 64
64 645 250 100 64
93 652 250 100 64
77 1057 250 100 64
48 1035 250 100 64
19 1288 250 100 64
9 942 250 100 64
38 987 250 100 64
67 634 250 100 64
96 609 250 100 64
74 666 250 100 64
45 622 250 100 64
16 1107 250 100 64
12 634 250 100 64
41 1270 250 100 64
70 1230 250 100 64
99 1157 250 100 64
71 924 250 100 64
42 1013 250 100 64
13 615 250 100 64
15 995 250 100 64
44 769 250 100 64
73 1352 250 100 64
96 1300 250 100 64
67 1121 250 100 64
38 1374 250 100 64
9 1330 250 100 64
19 1116 250 100 64
48 1117 250 100 64
77 843 250 100 64
93 762 250 100 64
64 1391 250 100 64
35 831 250 100 64
6 1172 250 100 64
22 1028 250 100 64
51 734 250 100 64
80 768 250 100 64
90 833 250 100 64
61 1054 250 100 64
32 825 250 100 64
3 873 250 100 64
25 961 250 100 64
54 1301 250 100 64
83 1002 250 100 64
87 922 250 100 64
58 1144 250 100 64
29 1357 250 100 64
0 851 250 100 64
28 909 250 100 64
57 809 250 100 64
86 718 250 100 64
84 1187 250 100 64
55 631 250 100 64
26 610 250 100 64
2 1181 250 100 64
31 1048 250 100 64
61 880 250 100 64
90 615 250 100 64
80 1227 250 100 64
51 1080 250 100 64
22 626 250 100 64
6 893 250 100 64
35 813 250 100 64
64 1322 250 100 64
93 606 250 100 64
77 1303 250 100 64
48 1355 250 100 64
19 600 250 100 64
9 1313 250 100 64
38 1282 250 100 64
67 918 250 100 64
96 708 250 100 64
74 983 250 100 64
45 1229 250 100 64
16 605 250 100 64
12 998 250 100 64
41 780 250 100 64
70 695 250 100 64
99 1340 250 100 64
71 967 250 100 64
42 1187 250 100 64
13 1373 250 100 64
15 660 250 100 64
44 1248 250 100 64
73 792 250 100 64
97 1279 250 100 64
68 699 250 100 64
39 1391 250 100 64
10 672 250 100 64
19 946 250 100 64
48 980 250 100 64
77 857 250 100 64
93 789 250 100 64
64 808 250 100 64
35 796 250 100 64
6 799 250 100 64
22 1169 250 100 64
51 987 250 100 64
80 804 250 100 64
90 1055 250 100 64
61 694 250 100 64
32 1083 250 100 64
3 609 250 100 64
25 1136 250 100 64
54 688 250 100 64
83 761 250 100 64
87 1150 250 100 64
58 1206 250 100 64
29 1305 250 100 64
0 1136 250 100 64
28 692 250 100 64
57 678 250 100 64
86 1117 250 100 64
84 1364 250 100 64
55 1211 250 100 64
26 797 250 100 64
2 699 250 100 64
31 825 250 100 64
60 1180 250 100 64
89 828 250 100 64
81 621 250 100 64
52 1317 250 100 64
22 1161 250 100 64
6 646 250 100 64
