
0 1000 250 100 64
29 1000 250 100 64
58 1000 250 100 64
87 1000 250 100 64
83 1000 250 100 64
54 1000 250 100 64
25 1000 250 100 64
3 1000 250 100 64
32 1000 250 100 64
61 1000 250 100 64
90 1000 250 100 64
80 1000 250 100 64
51 1000 250 100 64
22 1000 250 100 64
6 1000 250 100 64
35 1000 250 100 64
64 1000 250 100 64
93 1000 250 100 64
77 1000 250 100 64
48 1000 250 100 64
19 1000 250 100 64
9 1000 250 100 64
38 1000 250 100 64
67 1000 250 100 64
96 1000 250 100 64
74 1000 250 100 64
45 1000 250 100 64
16 1000 250 100 64
12 1000 250 100 64
41 1000 250 100 64
70 1000 250 100 64
99 1000 250 100 64
71 1000 250 100 64
42 1000 250 100 64
12 1000 250 100 64
16 1000 250 100 64
45 1000 250 100 64
74 1000 250 100 64
96 1000 250 100 64
67 1000 250 100 64
38 1000 250 100 64
9 1000 250 100 64
19 1000 250 100 64
48 1000 250 100 64
77 1000 250 100 64
93 1000 250 100 64
64 1000 250 100 64
35 1000 250 100 64
6 1000 250 100 64
22 1000 250 100 64
51 1000 250 100 64
80 1000 250 100 64
90 1000 250 100 64
61 1000 250 100 64
32 1000 250 100 64
3 1000 250 100 64
25 1000 250 100 64
54 1000 250 100 64
83 1000 250 100 64
87 1000 250 100 64
58 1000 250 100 64
29 1000 250 100 64
0 1000 250 100 64
28 1000 250 100 64
57 1000 250 100 64
86 1000 250 100 64
84 1000 250 100 64
54 1000 250 100 64
25 1000 250 100 64
3 1000 250 100 64
32 1000 250 100 64
61 1000 250 100 64
90 1000 250 100 64
80 1000 250 100 64
51 1000 250 100 64
22 1000 250 100 64
6 1000 250 100 64
35 1000 250 100 64
64 1000 250 100 64
93 1000 250 100 64
77 1000 250 100 64
48 1000 250 100 64
19 1000 250 100 64
9 1000 250 100 64
38 1000 250 100 64
67 1000 250 100 64
96 1000 250 100 64
74 1000 250 100 64
45 1000 250 100 64
16 1000 250 100 64
12 1000 250 100 64
41 1000 250 100 64
70 1000 250 100 64
99 1000 250 100 64
71 1000 250 100 64
42 1000 250 100 64
13 1000 250 100 64
15 1000 250 100 64
44 1000 250 100 64
73 1000 250 100 64
96 1000 250 100 64
67 1000 250 100 64
38 1000 250 100 64
9 1000 250 100 64
19 1000 250 100 64
48 1000 250 100 64
77 1000 250 100 64
93 1000 250 100 64
64 1000 250 100 64
35 1000 250 100 64
6 1000 250 100 64
22 1000 250 100 64
51 1000 250 100 64
80 1000 250 100 64
90 1000 250 100 64
61 1000 250 100 64
32 1000 250 100 64
3 1000 250 100 64
25 1000 250 100 64
54 1000 250 100 64
83 1000 250 100 64
87 1000 250 100 64
58 1000 250 100 64
29 1000 250 100 64
0 1000 250 100 64
28 1000 250 100 64
57 1000 250 100 64
86 1000 250 100 64
84 1000 250 100 64
55 1000 250 100 64
26 1000 250 100 64
2 1000 250 100 64
31 1000 250 100 64
61 1000 250 100 64
90 1000 250 100 64
80 1000 250 100 64
51 1000 250 100 64
22 1000 250 100 64
6 1000 250 100 64
35 1000 250 100 64
64 1000 250 100 64
93 1000 250 100 64
77 1000 250 100 64
48 1000 250 100 64
19 1000 250 100 64
9 1000 250 100 64
38 1000 250 100 64
67 1000 250 100 64
96 1000 250 100 64
74 1000 250 100 64
45 1000 250 100 64
16 1000 250 100 64
12 1000 250 100 64
41 1000 250 100 64
70 1000 250 100 64
99 1000 250 100 64
71 1000 250 100 64
42 1000 250 100 64
13 1000 250 100 64
15 1000 250 100 64
44 1000 250 100 64
73 1000 250 100 64
97 1000 250 100 64
68 1000 250 100 64
39 1000 250 100 64
10 1000 250 100 64
19 1000 250 100 64
48 1000 250 100 64
77 1000 250 100 64
93 1000 250 100 64
64 1000 250 100 64
35 1000 250 100 64
6 1000 250 100 64
22 1000 250 100 64
51 1000 250 100 64
80 1000 250 100 64
90 1000 250 100 64
61 1000 250 100 64
32 1000 250 100 64
3 1000 250 100 64
25 1000 250 100 64
54 1000 250 100 64
83 1000 250 100 64
87 1000 250 100 64
58 1000 250 100 64
29 1000 250 100 64
0 1000 250 100 64
28 1000 250 100 64
57 1000 250 100 64
86 1000 250 100 64
84 1000 250 100 64
55 1000 250 100 64
26 1000 250 100 64
2 1000 250 100 64
31 1000 250 100 64
60 1000 250 100 64
89 1000 250 100 64
81 1000 250 100 64
52 1000 250 100 64
22 1000 250 100 64
6 1000 250 100 64
