
0 1000 250 100 64
1 1000 250 100 64
2 1000 250 100 64
3 1000 250 100 64
4 1000 250 100 64
5 1000 250 100 64
6 1000 250 100 64
7 1000 250 100 64
8 1000 250 100 64
9 1000 250 100 64
10 1000 250 100 64
11 1000 250 100 64
12 1000 250 100 64
13 1000 250 100 64
14 1000 250 100 64
15 1000 250 100 64
16 1000 250 100 64
17 1000 250 100 64
18 1000 250 100 64
19 1000 250 100 64
20 1000 250 100 64
21 1000 250 100 64
22 1000 250 100 64
23 1000 250 100 64
24 1000 250 100 64
25 1000 250 100 64
26 1000 250 100 64
27 1000 250 100 64
28 1000 250 100 64
29 1000 250 100 64
30 1000 250 100 64
31 1000 250 100 64
32 1000 250 100 64
33 1000 250 100 64
34 1000 250 100 64
35 1000 250 100 64
36 1000 250 100 64
37 1000 250 100 64
38 1000 250 100 64
39 1000 250 100 64
40 1000 250 100 64
41 1000 250 100 64
42 1000 250 100 64
43 1000 250 100 64
44 1000 250 100 64
45 1000 250 100 64
46 1000 250 100 64
47 1000 250 100 64
48 1000 250 100 64
49 1000 250 100 64
50 1000 250 100 64
51 1000 250 100 64
52 1000 250 100 64
53 1000 250 100 64
54 1000 250 100 64
55 1000 250 100 64
56 1000 250 100 64
57 1000 250 100 64
58 1000 250 100 64
59 1000 250 100 64
60 1000 250 100 64
61 1000 250 100 64
62 1000 250 100 64
63 1000 250 100 64
64 1000 250 100 64
65 1000 250 100 64
66 1000 250 100 64
67 1000 250 100 64
68 1000 250 100 64
69 1000 250 100 64
70 1000 250 100 64
71 1000 250 100 64
72 1000 250 100 64
73 1000 250 100 64
74 1000 250 100 64
75 1000 250 100 64
76 1000 250 100 64
77 1000 250 100 64
78 1000 250 100 64
79 1000 250 100 64
80 1000 250 100 64
81 1000 250 100 64
82 1000 250 100 64
83 1000 250 100 64
84 1000 250 100 64
85 1000 250 100 64
86 1000 250 100 64
87 1000 250 100 64
88 1000 250 100 64
89 1000 250 100 64
90 1000 250 100 64
91 1000 250 100 64
92 1000 250 100 64
93 1000 250 100 64
94 1000 250 100 64
95 1000 250 100 64
96 1000 250 100 64
97 1000 250 100 64
98 1000 250 100 64
99 1000 250 100 64
100 1000 250 100 64
99 1000 250 100 64
98 1000 250 100 64
97 1000 250 100 64
96 1000 250 100 64
95 1000 250 100 64
94 1000 250 100 64
93 1000 250 100 64
92 1000 250 100 64
91 1000 250 100 64
90 1000 250 100 64
89 1000 250 100 64
88 1000 250 100 64
87 1000 250 100 64
86 1000 250 100 64
85 1000 250 100 64
84 1000 250 100 64
83 1000 250 100 64
82 1000 250 100 64
81 1000 250 100 64
80 1000 250 100 64
79 1000 250 100 64
78 1000 250 100 64
77 1000 250 100 64
76 1000 250 100 64
75 1000 250 100 64
74 1000 250 100 64
73 1000 250 100 64
72 1000 250 100 64
71 1000 250 100 64
70 1000 250 100 64
69 1000 250 100 64
68 1000 250 100 64
67 1000 250 100 64
66 1000 250 100 64
65 1000 250 100 64
64 1000 250 100 64
63 1000 250 100 64
62 1000 250 100 64
61 1000 250 100 64
60 1000 250 100 64
59 1000 250 100 64
58 1000 250 100 64
57 1000 250 100 64
56 1000 250 100 64
55 1000 250 100 64
54 1000 250 100 64
53 1000 250 100 64
52 1000 250 100 64
51 1000 250 100 64
50 1000 250 100 64
49 1000 250 100 64
48 1000 250 100 64
47 1000 250 100 64
46 1000 250 100 64
45 1000 250 100 64
44 1000 250 100 64
43 1000 250 100 64
42 1000 250 100 64
41 1000 250 100 64
40 1000 250 100 64
39 1000 250 100 64
38 1000 250 100 64
37 1000 250 100 64
36 1000 250 100 64
35 1000 250 100 64
34 1000 250 100 64
33 1000 250 100 64
32 1000 250 100 64
31 1000 250 100 64
30 1000 250 100 64
29 1000 250 100 64
28 1000 250 100 64
27 1000 250 100 64
26 1000 250 100 64
25 1000 250 100 64
24 1000 250 100 64
23 1000 250 100 64
22 1000 250 100 64
21 1000 250 100 64
20 1000 250 100 64
19 1000 250 100 64
18 1000 250 100 64
17 1000 250 100 64
16 1000 250 100 64
15 1000 250 100 64
14 1000 250 100 64
13 1000 250 100 64
12 1000 250 100 64
11 1000 250 100 64
10 1000 250 100 64
9 1000 250 100 64
8 1000 250 100 64
7 1000 250 100 64
6 1000 250 100 64
5 1000 250 100 64
4 1000 250 100 64
3 1000 250 100 64
2 1000 250 100 64
1 1000 250 100 64
0 1000 250 100 64
