0 73 56 500 1
0 76 54 515 1
677 73 53 171 1
5 76 57 166 1
114 63 57 3042 1
448 73 58 1250 1
5 76 54 1224 1
54  568  797  49  49
50  0    828  44  44
54  938  1823  52  52
50  10   1807  47  47
73  104  1047  57  57
76  0    1037  59  59
69  625  219  59  59
72  0    370  56  56
67  823  125  61  61
73  5    141  56  56
75  0    141  61  61
57  125  860  61  61
76  1105 625  66  66
70  5    594  68  68
60  99   1109  51  51
44  67   1391  66  66
54  120  1328  68  68
70  526  688  62  62
76  5    818  60  60
70  1094 1339  71  71
76  11   937  69  69
73  99   1088  63  63
57  73   250  68  68
62  93   151  68  68
54  896  1761  64  64
44  109  1120  64  64
70  443  2682  63  63
76  5    4459  62  62
60  16   1177  51  51
44  1063 1692  64  64
54  598  1573  61  61
60  719  3089  54  54
44  724  1063  58  58
54  537  718  58  58
57  536  2615  51  51
44  115  1661  59  59
70  1140 2131  52  52
76  6    2114  52  52
60  187  2740  49  49
44  703  3266  52  52
57  735  2348  50  50
70  1302 2541  51  51
76  15   2401  49  49
60  162  1963  48  48
54  760  1099  49  49
57  859  1683  42  42
44  141  1557  46  46
76  1359 152  42  42
70  27   166  36  36
