
0 940 250 100 64
6 702 250 100 64
13 609 250 100 64
20 1168 250 100 64
27 1326 250 100 64
34 1207 250 100 64
41 1196 250 100 64
47 1299 250 100 64
54 1143 250 100 64
61 636 250 100 64
68 971 250 100 64
75 1283 250 100 64
82 1132 250 100 64
89 1052 250 100 64
95 1003 250 100 64
97 1090 250 100 64
90 1282 250 100 64
83 1381 250 100 64
76 1294 250 100 64
69 1351 250 100 64
62 1209 250 100 64
56 1201 250 100 64
49 772 250 100 64
42 1139 250 100 64
35 1347 250 100 64
28 1331 250 100 64
21 1273 250 100 64
14 1362 250 100 64
8 934 250 100 64
1 1214 250 100 64
5 1135 250 100 64
12 948 250 100 64
19 802 250 100 64
26 1109 250 100 64
33 781 250 100 64
39 1034 250 100 64
46 1361 250 100 64
53 1077 250 100 64
60 1106 250 100 64
67 1149 250 100 64
74 1391 250 100 64
80 766 250 100 64
87 1068 250 100 64
94 1010 250 100 64
98 825 250 100 64
91 804 250 100 64
84 873 250 100 64
77 701 250 100 64
71 1138 250 100 64
64 981 250 100 64
57 1164 250 100 64
50 866 250 100 64
43 936 250 100 64
36 840 250 100 64
29 606 250 100 64
23 1292 250 100 64
16 1142 250 100 64
9 1061 250 100 64
2 677 250 100 64
4 1101 250 100 64
11 1383 250 100 64
18 854 250 100 64
24 851 250 100 64
31 1336 250 100 64
38 1181 250 100 64
45 941 250 100 64
52 991 250 100 64
59 1147 250 100 64
66 1135 250 100 64
72 946 250 100 64
79 1333 250 100 64
86 1179 250 100 64
93 913 250 100 64
99 784 250 100 64
92 872 250 100 64
85 1360 250 100 64
79 1237 250 100 64
72 1244 250 100 64
65 1353 250 100 64
58 1091 250 100 64
51 1072 250 100 64
44 1381 250 100 64
38 859 250 100 64
31 1028 250 100 64
24 1213 250 100 64
17 702 250 100 64
10 994 250 100 64
3 873 250 100 64
3 671 250 100 64
9 1353 250 100 64
16 1274 250 100 64
23 1162 250 100 64
30 1064 250 100 64
37 705 250 100 64
44 714 250 100 64
51 1052 250 100 64
57 601 250 100 64
64 746 250 100 64
71 1015 250 100 64
78 907 250 100 64
85 872 250 100 64
92 664 250 100 64
99 950 250 100 64
94 886 250 100 64
87 832 250 100 64
80 636 250 100 64
73 1157 250 100 64
66 1132 250 100 64
59 1193 250 100 64
52 818 250 100 64
46 918 250 100 64
39 1158 250 100 64
32 809 250 100 64
25 1128 250 100 64
18 1354 250 100 64
11 835 250 100 64
4 1064 250 100 64
1 1037 250 100 64
8 610 250 100 64
15 1381 250 100 64
22 660 250 100 64
29 954 250 100 64
36 1040 250 100 64
42 744 250 100 64
49 801 250 100 64
56 1215 250 100 64
63 1198 250 100 64
70 995 250 100 64
77 786 250 100 64
84 1072 250 100 64
90 624 250 100 64
97 1312 250 100 64
95 794 250 100 64
88 878 250 100 64
81 632 250 100 64
74 1369 250 100 64
67 670 250 100 64
61 1073 250 100 64
54 1096 250 100 64
47 723 250 100 64
40 1116 250 100 64
33 1177 250 100 64
26 1239 250 100 64
19 601 250 100 64
13 872 250 100 64
6 1171 250 100 64
0 1222 250 100 64
7 887 250 100 64
14 1114 250 100 64
21 1292 250 100 64
28 1326 250 100 64
34 1114 250 100 64
41 1030 250 100 64
48 1013 250 100 64
55 1146 250 100 64
62 644 250 100 64
69 615 250 100 64
76 1233 250 100 64
82 1176 250 100 64
89 1262 250 100 64
96 1058 250 100 64
96 869 250 100 64
89 1193 250 100 64
82 961 250 100 64
76 1126 250 100 64
69 637 250 100 64
62 1051 250 100 64
55 1327 250 100 64
48 753 250 100 64
41 1242 250 100 64
34 663 250 100 64
28 1332 250 100 64
21 628 250 100 64
14 767 250 100 64
7 792 250 100 64
0 717 250 100 64
6 985 250 100 64
13 859 250 100 64
19 635 250 100 64
26 982 250 100 64
33 1184 250 100 64
40 917 250 100 64
47 1016 250 100 64
54 771 250 100 64
61 905 250 100 64
67 1078 250 100 64
74 1167 250 100 64
81 862 250 100 64
88 1332 250 100 64
95 1208 250 100 64
97 1121 250 100 64
90 1153 250 100 64
84 742 250 100 64
77 684 250 100 64
70 895 250 100 64
63 851 250 100 64
56 1291 250 100 64
49 1389 250 100 64
43 1281 250 100 64
36 1058 250 100 64
29 602 250 100 64
