
0 1179 250 100 64
1 1087 250 100 64
3 1264 250 100 64
4 968 250 100 64
6 1245 250 100 64
8 1303 250 100 64
9 1257 250 100 64
11 1395 250 100 64
12 600 250 100 64
14 995 250 100 64
16 730 250 100 64
17 1293 250 100 64
19 954 250 100 64
21 825 250 100 64
22 846 250 100 64
24 1088 250 100 64
25 969 250 100 64
27 677 250 100 64
29 712 250 100 64
30 721 250 100 64
32 843 250 100 64
33 1246 250 100 64
35 768 250 100 64
37 839 250 100 64
38 1305 250 100 64
40 828 250 100 64
42 1375 250 100 64
43 780 250 100 64
45 997 250 100 64
46 903 250 100 64
48 602 250 100 64
50 1365 250 100 64
51 1060 250 100 64
53 1325 250 100 64
55 813 250 100 64
56 1278 250 100 64
58 927 250 100 64
59 1109 250 100 64
61 855 250 100 64
63 661 250 100 64
64 1309 250 100 64
66 819 250 100 64
67 1047 250 100 64
69 698 250 100 64
71 777 250 100 64
72 955 250 100 64
74 964 250 100 64
76 802 250 100 64
77 1158 250 100 64
79 1141 250 100 64
80 1228 250 100 64
82 604 250 100 64
84 916 250 100 64
85 912 250 100 64
87 1293 250 100 64
88 1140 250 100 64
90 1341 250 100 64
92 1301 250 100 64
93 1234 250 100 64
95 1237 250 100 64
97 740 250 100 64
98 827 250 100 64
99 1134 250 100 64
98 1104 250 100 64
96 620 250 100 64
94 1085 250 100 64
93 1271 250 100 64
91 1115 250 100 64
89 677 250 100 64
88 1127 250 100 64
86 707 250 100 64
85 602 250 100 64
83 984 250 100 64
81 658 250 100 64
80 673 250 100 64
78 637 250 100 64
77 979 250 100 64
75 816 250 100 64
73 760 250 100 64
72 1222 250 100 64
70 851 250 100 64
68 964 250 100 64
67 703 250 100 64
65 877 250 100 64
64 1329 250 100 64
62 1076 250 100 64
60 1370 250 100 64
59 1027 250 100 64
57 1068 250 100 64
55 925 250 100 64
54 951 250 100 64
52 789 250 100 64
51 1237 250 100 64
49 868 250 100 64
47 742 250 100 64
46 1360 250 100 64
44 1308 250 100 64
43 1039 250 100 64
41 1336 250 100 64
39 804 250 100 64
38 1241 250 100 64
36 1331 250 100 64
34 1209 250 100 64
33 842 250 100 64
31 1274 250 100 64
30 1386 250 100 64
28 905 250 100 64
26 833 250 100 64
25 907 250 100 64
23 1381 250 100 64
22 830 250 100 64
20 1371 250 100 64
18 1096 250 100 64
17 1219 250 100 64
15 633 250 100 64
13 663 250 100 64
12 831 250 100 64
10 1313 250 100 64
9 997 250 100 64
7 1324 250 100 64
5 933 250 100 64
4 974 250 100 64
2 624 250 100 64
0 1160 250 100 64
0 635 250 100 64
2 801 250 100 64
3 1225 250 100 64
5 757 250 100 64
7 1372 250 100 64
8 1063 250 100 64
10 1307 250 100 64
11 668 250 100 64
13 969 250 100 64
15 894 250 100 64
16 1160 250 100 64
18 1002 250 100 64
20 627 250 100 64
21 675 250 100 64
23 643 250 100 64
24 1010 250 100 64
26 712 250 100 64
28 1224 250 100 64
29 975 250 100 64
31 1072 250 100 64
32 1341 250 100 64
34 1380 250 100 64
36 919 250 100 64
37 686 250 100 64
39 1371 250 100 64
41 1196 250 100 64
42 972 250 100 64
44 1254 250 100 64
45 1386 250 100 64
47 1123 250 100 64
49 1151 250 100 64
50 873 250 100 64
52 1082 250 100 64
54 1197 250 100 64
55 1181 250 100 64
57 1118 250 100 64
58 660 250 100 64
60 1029 250 100 64
62 682 250 100 64
63 1030 250 100 64
65 608 250 100 64
66 1390 250 100 64
68 959 250 100 64
70 708 250 100 64
71 691 250 100 64
73 1001 250 100 64
75 1185 250 100 64
76 891 250 100 64
78 1340 250 100 64
79 1317 250 100 64
81 992 250 100 64
83 949 250 100 64
84 1035 250 100 64
86 919 250 100 64
88 659 250 100 64
89 868 250 100 64
91 897 250 100 64
92 1098 250 100 64
94 1295 250 100 64
96 841 250 100 64
97 1275 250 100 64
99 1043 250 100 64
99 1032 250 100 64
97 853 250 100 64
95 728 250 100 64
94 1031 250 100 64
92 809 250 100 64
90 1066 250 100 64
89 622 250 100 64
87 810 250 100 64
86 1360 250 100 64
84 614 250 100 64
82 908 250 100 64
81 1191 250 100 64
79 1004 250 100 64
78 1182 250 100 64
76 716 250 100 64
