
0 835 250 100 64
2 629 250 100 64
5 999 250 100 64
7 1341 250 100 64
10 1035 250 100 64
13 680 250 100 64
15 825 250 100 64
18 1226 250 100 64
20 911 250 100 64
23 1350 250 100 64
26 1134 250 100 64
28 1358 250 100 64
31 1392 250 100 64
34 1162 250 100 64
36 908 250 100 64
39 1048 250 100 64
41 1209 250 100 64
44 1163 250 100 64
47 1221 250 100 64
49 921 250 100 64
52 876 250 100 64
54 1106 250 100 64
57 826 250 100 64
60 1105 250 100 64
62 1080 250 100 64
65 1239 250 100 64
68 1343 250 100 64
70 1017 250 100 64
73 1073 250 100 64
75 894 250 100 64
78 1248 250 100 64
81 750 250 100 64
83 1051 250 100 64
86 1073 250 100 64
89 1059 250 100 64
91 862 250 100 64
94 1350 250 100 64
96 637 250 100 64
99 1323 250 100 64
97 1363 250 100 64
95 828 250 100 64
92 1291 250 100 64
90 607 250 100 64
87 702 250 100 64
84 853 250 100 64
82 1374 250 100 64
79 679 250 100 64
76 1154 250 100 64
74 1294 250 100 64
71 845 250 100 64
69 1303 250 100 64
66 608 250 100 64
63 1305 250 100 64
61 672 250 100 64
58 620 250 100 64
56 1158 250 100 64
53 913 250 100 64
50 617 250 100 64
48 1141 250 100 64
45 883 250 100 64
42 1006 250 100 64
40 1027 250 100 64
37 1329 250 100 64
35 840 250 100 64
32 923 250 100 64
29 617 250 100 64
27 793 250 100 64
24 853 250 100 64
21 837 250 100 64
19 662 250 100 64
16 668 250 100 64
14 894 250 100 64
11 944 250 100 64
8 1181 250 100 64
6 810 250 100 64
3 877 250 100 64
1 654 250 100 64
1 1128 250 100 64
4 977 250 100 64
6 1241 250 100 64
9 972 250 100 64
12 975 250 100 64
14 1220 250 100 64
17 1140 250 100 64
19 1292 250 100 64
22 1305 250 100 64
25 672 250 100 64
27 629 250 100 64
30 981 250 100 64
32 1394 250 100 64
35 1130 250 100 64
38 1254 250 100 64
40 967 250 100 64
43 1001 250 100 64
46 1049 250 100 64
48 1036 250 100 64
51 1325 250 100 64
53 1358 250 100 64
56 725 250 100 64
59 662 250 100 64
61 1268 250 100 64
64 1352 250 100 64
67 1083 250 100 64
69 868 250 100 64
72 733 250 100 64
74 918 250 100 64
77 867 250 100 64
80 632 250 100 64
82 1167 250 100 64
85 1222 250 100 64
87 1025 250 100 64
90 958 250 100 64
93 716 250 100 64
95 852 250 100 64
98 1097 250 100 64
98 663 250 100 64
96 611 250 100 64
93 803 250 100 64
91 1205 250 100 64
88 967 250 100 64
85 1159 250 100 64
83 666 250 100 64
80 835 250 100 64
77 1280 250 100 64
75 927 250 100 64
72 1216 250 100 64
70 831 250 100 64
67 1386 250 100 64
64 729 250 100 64
62 1395 250 100 64
59 1378 250 100 64
57 1237 250 100 64
54 1218 250 100 64
51 908 250 100 64
49 790 250 100 64
46 733 250 100 64
43 1268 250 100 64
41 1201 250 100 64
38 701 250 100 64
36 1115 250 100 64
33 1167 250 100 64
30 856 250 100 64
28 846 250 100 64
25 753 250 100 64
23 999 250 100 64
20 1374 250 100 64
17 1057 250 100 64
15 1326 250 100 64
12 635 250 100 64
9 965 250 100 64
7 842 250 100 64
4 1220 250 100 64
2 1320 250 100 64
0 1134 250 100 64
3 1379 250 100 64
5 908 250 100 64
8 860 250 100 64
11 1268 250 100 64
13 1099 250 100 64
16 1138 250 100 64
18 809 250 100 64
21 1227 250 100 64
24 876 250 100 64
26 1126 250 100 64
29 859 250 100 64
31 726 250 100 64
34 1214 250 100 64
37 737 250 100 64
39 1223 250 100 64
42 1128 250 100 64
45 1035 250 100 64
47 1075 250 100 64
50 1027 250 100 64
52 827 250 100 64
55 1266 250 100 64
58 1074 250 100 64
60 695 250 100 64
63 1040 250 100 64
65 1224 250 100 64
68 1279 250 100 64
71 1137 250 100 64
73 1189 250 100 64
76 608 250 100 64
79 1237 250 100 64
81 1337 250 100 64
84 695 250 100 64
86 685 250 100 64
89 887 250 100 64
92 739 250 100 64
94 758 250 100 64
97 675 250 100 64
99 1141 250 100 64
97 839 250 100 64
94 1351 250 100 64
92 1342 250 100 64
89 1278 250 100 64
86 1165 250 100 64
84 605 250 100 64
81 1378 250 100 64
79 1129 250 100 64
76 870 250 100 64
