0   81   60   307   1
484   81   60   47   1
109   81   66   1136   1
495   56   54   1651   1
120   50   53   1208   1
349   67   60   3432   1
484   81   68   1839   1
78   75   63   1927   1
474   50   58   115   1
94   64   62   2047   1
578   58   59   240   1
417   58   52   57   1
146   58   64   1343   1
286   81   72   344   1
469   81   66   36   1
109   81   72   490   1
360   64   66   599   1
531   62   52   2823   1
390   73   51   209   1
89   87   65   286   1
542   73   56   41   1
67   87   78   131   1
58   81   71   682   1
567   70   69   4183   1
943   81   57   1406   1
495   44   68   302   1
500   44   57   1687   1
125   52   63   1594   1
682   81   63   245   1
370   81   60   57   1
115   81   48   1031   1
322   58   60   172   1
110   50   59   198   1
99   52   68   135   1
67   44   87   240   1
417   61   83   386   1
542   61   54   2364   1
75   125   1260   69   69
89   364   250   76   76
89   370   31   77   77
89   94    557   93   93
75   542   849   78   78
83   489   328   80   80
64   365   812   69   69
58   99    755   63   63
66   646   192   69   69
72   83    177   81   81
50   406   177   80   80
50   495   177   66   66
53   182   334   71   71
67   68    187   73   73
61   115   78   73   73
44   88    99   76   76
81   990   213   85   85
81   406   62   24   24
81   114   152   63   63
81   1594  1880   64   64
44   1724  469   56   56
52   443   57   42   42
81   307   302   83   83
81   396   4234   39   39
64   31    1657   69   69
70   99    2709   81   81
95   656   719   80   80
89   79    1177   67   67
64   1062  865   11   11
95   266   31   69   69
95   114   47   78   78
95   125   1094   84   84
89   334   776   81   81
78   354   1062   69   69
72   109   3302   71   71
95   453   302   83   83
89   0     313   79   79
95   532   557   74   74
89   5     552   68   68
81   109   995   76   76
78   271   1026   76   76
89   432   37   65   65
95   5     26   62   62
89   89    1214   79   79
95   0     1229   88   88
81   349   552   80   80
78   588   2521   64   64
81   89    563   72   72
81   854   1432   68   68
