
0 1031 250 100 64
46 1237 250 100 64
93 1386 250 100 64
59 918 250 100 64
12 1245 250 100 64
34 972 250 100 64
81 951 250 100 64
71 897 250 100 64
24 934 250 100 64
22 1086 250 100 64
69 999 250 100 64
83 1006 250 100 64
36 1311 250 100 64
10 1307 250 100 64
57 710 250 100 64
95 625 250 100 64
48 720 250 100 64
1 1115 250 100 64
45 1287 250 100 64
92 681 250 100 64
60 620 250 100 64
13 1129 250 100 64
33 1145 250 100 64
80 632 250 100 64
72 1177 250 100 64
25 1296 250 100 64
21 698 250 100 64
68 1057 250 100 64
84 850 250 100 64
37 675 250 100 64
9 743 250 100 64
56 645 250 100 64
96 774 250 100 64
49 1228 250 100 64
2 855 250 100 64
43 1179 250 100 64
90 1157 250 100 64
62 1206 250 100 64
15 967 250 100 64
31 1324 250 100 64
78 857 250 100 64
74 1337 250 100 64
27 1362 250 100 64
19 818 250 100 64
66 976 250 100 64
86 614 250 100 64
39 1058 250 100 64
7 655 250 100 64
54 1248 250 100 64
98 880 250 100 64
51 999 250 100 64
4 875 250 100 64
42 1221 250 100 64
89 1019 250 100 64
63 837 250 100 64
16 751 250 100 64
30 650 250 100 64
77 740 250 100 64
75 1325 250 100 64
28 1377 250 100 64
18 681 250 100 64
65 1168 250 100 64
87 1101 250 100 64
40 1054 250 100 64
6 1043 250 100 64
53 629 250 100 64
99 677 250 100 64
52 1080 250 100 64
5 1228 250 100 64
40 838 250 100 64
87 827 250 100 64
65 1135 250 100 64
18 885 250 100 64
28 1086 250 100 64
75 971 250 100 64
77 1070 250 100 64
30 1006 250 100 64
16 1231 250 100 64
63 768 250 100 64
89 1093 250 100 64
42 1112 250 100 64
4 680 250 100 64
51 900 250 100 64
98 1158 250 100 64
54 1242 250 100 64
7 1380 250 100 64
39 658 250 100 64
86 1153 250 100 64
66 740 250 100 64
19 1206 250 100 64
27 1135 250 100 64
74 1085 250 100 64
78 1040 250 100 64
31 946 250 100 64
15 1207 250 100 64
62 1270 250 100 64
90 1260 250 100 64
43 889 250 100 64
3 726 250 100 64
50 920 250 100 64
97 981 250 100 64
55 616 250 100 64
8 1303 250 100 64
37 728 250 100 64
84 642 250 100 64
68 1181 250 100 64
21 700 250 100 64
25 660 250 100 64
72 1124 250 100 64
80 906 250 100 64
33 814 250 100 64
13 937 250 100 64
60 937 250 100 64
92 763 250 100 64
45 1264 250 100 64
1 629 250 100 64
48 609 250 100 64
95 962 250 100 64
57 983 250 100 64
10 1036 250 100 64
36 671 250 100 64
83 743 250 100 64
69 602 250 100 64
22 1081 250 100 64
24 1249 250 100 64
71 1356 250 100 64
81 835 250 100 64
34 692 250 100 64
12 848 250 100 64
59 1057 250 100 64
93 874 250 100 64
46 997 250 100 64
0 740 250 100 64
47 1289 250 100 64
94 770 250 100 64
58 1302 250 100 64
11 1353 250 100 64
35 871 250 100 64
81 623 250 100 64
71 886 250 100 64
24 1055 250 100 64
22 1389 250 100 64
69 1368 250 100 64
83 787 250 100 64
36 1346 250 100 64
10 1377 250 100 64
57 765 250 100 64
95 786 250 100 64
48 842 250 100 64
1 913 250 100 64
45 1386 250 100 64
92 1199 250 100 64
60 1266 250 100 64
13 1398 250 100 64
33 998 250 100 64
80 662 250 100 64
72 632 250 100 64
25 1347 250 100 64
21 1359 250 100 64
68 1119 250 100 64
84 832 250 100 64
37 981 250 100 64
9 996 250 100 64
56 809 250 100 64
96 830 250 100 64
49 1205 250 100 64
2 801 250 100 64
44 854 250 100 64
91 1039 250 100 64
61 1004 250 100 64
14 812 250 100 64
32 647 250 100 64
78 1321 250 100 64
74 1226 250 100 64
27 1004 250 100 64
19 1240 250 100 64
66 1361 250 100 64
86 1172 250 100 64
39 1277 250 100 64
7 728 250 100 64
54 1067 250 100 64
98 781 250 100 64
51 638 250 100 64
4 841 250 100 64
42 950 250 100 64
89 1220 250 100 64
63 1199 250 100 64
16 728 250 100 64
30 911 250 100 64
77 668 250 100 64
75 951 250 100 64
28 1148 250 100 64
18 635 250 100 64
65 1308 250 100 64
87 965 250 100 64
40 655 250 100 64
6 772 250 100 64
53 1112 250 100 64
99 1369 250 100 64
52 1384 250 100 64
5 926 250 100 64
