
0 828 250 100 64
75 1342 250 100 64
48 1242 250 100 64
27 845 250 100 64
96 1367 250 100 64
20 696 250 100 64
55 1295 250 100 64
68 807 250 100 64
7 1195 250 100 64
83 671 250 100 64
40 1153 250 100 64
35 1207 250 100 64
88 915 250 100 64
12 715 250 100 64
63 758 250 100 64
60 1345 250 100 64
15 658 250 100 64
91 876 250 100 64
32 1377 250 100 64
43 612 250 100 64
80 667 250 100 64
4 986 250 100 64
71 979 250 100 64
52 1280 250 100 64
23 1089 250 100 64
99 654 250 100 64
24 833 250 100 64
51 890 250 100 64
72 960 250 100 64
3 848 250 100 64
79 889 250 100 64
44 635 250 100 64
31 1191 250 100 64
92 685 250 100 64
16 769 250 100 64
59 952 250 100 64
64 1160 250 100 64
11 617 250 100 64
87 751 250 100 64
36 1107 250 100 64
39 895 250 100 64
84 823 250 100 64
8 1159 250 100 64
67 1185 250 100 64
56 864 250 100 64
19 1189 250 100 64
95 952 250 100 64
28 874 250 100 64
47 960 250 100 64
76 1303 250 100 64
0 1106 250 100 64
75 656 250 100 64
48 1092 250 100 64
27 1237 250 100 64
96 809 250 100 64
20 1391 250 100 64
55 971 250 100 64
68 737 250 100 64
7 842 250 100 64
83 708 250 100 64
40 696 250 100 64
35 811 250 100 64
88 1369 250 100 64
12 1391 250 100 64
63 1343 250 100 64
60 1315 250 100 64
15 1326 250 100 64
91 1364 250 100 64
32 754 250 100 64
43 941 250 100 64
80 1005 250 100 64
4 1285 250 100 64
71 1321 250 100 64
52 1205 250 100 64
23 645 250 100 64
99 925 250 100 64
24 975 250 100 64
51 834 250 100 64
72 618 250 100 64
3 1162 250 100 64
79 974 250 100 64
44 1354 250 100 64
31 816 250 100 64
92 1168 250 100 64
16 892 250 100 64
59 677 250 100 64
64 838 250 100 64
11 1191 250 100 64
87 802 250 100 64
36 1087 250 100 64
39 980 250 100 64
84 1350 250 100 64
8 1069 250 100 64
67 1231 250 100 64
56 822 250 100 64
19 1216 250 100 64
95 1332 250 100 64
28 905 250 100 64
47 1012 250 100 64
76 1006 250 100 64
0 1097 250 100 64
75 1040 250 100 64
48 1057 250 100 64
27 1163 250 100 64
96 1120 250 100 64
20 1291 250 100 64
55 1110 250 100 64
68 1149 250 100 64
7 797 250 100 64
83 824 250 100 64
40 1357 250 100 64
35 632 250 100 64
88 1149 250 100 64
12 703 250 100 64
63 603 250 100 64
60 670 250 100 64
15 615 250 100 64
91 679 250 100 64
32 1263 250 100 64
43 903 250 100 64
80 1231 250 100 64
4 777 250 100 64
71 746 250 100 64
52 738 250 100 64
23 1227 250 100 64
99 1283 250 100 64
24 1246 250 100 64
51 1336 250 100 64
72 1206 250 100 64
3 1130 250 100 64
79 1125 250 100 64
44 1200 250 100 64
31 737 250 100 64
92 1089 250 100 64
16 705 250 100 64
59 1365 250 100 64
64 1342 250 100 64
11 1354 250 100 64
87 852 250 100 64
36 982 250 100 64
39 678 250 100 64
84 730 250 100 64
8 765 250 100 64
67 906 250 100 64
56 1134 250 100 64
19 622 250 100 64
95 1366 250 100 64
28 887 250 100 64
47 809 250 100 64
76 1017 250 100 64
0 683 250 100 64
75 752 250 100 64
48 1307 250 100 64
27 1281 250 100 64
96 1238 250 100 64
20 796 250 100 64
55 1119 250 100 64
68 938 250 100 64
7 640 250 100 64
83 1372 250 100 64
40 1013 250 100 64
35 1262 250 100 64
88 1364 250 100 64
12 870 250 100 64
63 624 250 100 64
60 1261 250 100 64
15 1347 250 100 64
91 915 250 100 64
32 634 250 100 64
43 868 250 100 64
80 1368 250 100 64
4 1147 250 100 64
71 968 250 100 64
52 928 250 100 64
23 1243 250 100 64
99 1209 250 100 64
24 1376 250 100 64
51 785 250 100 64
72 805 250 100 64
3 1141 250 100 64
79 1224 250 100 64
44 665 250 100 64
31 896 250 100 64
92 959 250 100 64
16 878 250 100 64
59 873 250 100 64
64 1155 250 100 64
11 1048 250 100 64
87 693 250 100 64
36 972 250 100 64
39 1001 250 100 64
84 948 250 100 64
8 803 250 100 64
67 1374 250 100 64
56 627 250 100 64
19 1340 250 100 64
95 904 250 100 64
28 928 250 100 64
47 1181 250 100 64
76 1236 250 100 64
0 845 250 100 64
