
0 1091 250 100 64
11 631 250 100 64
22 958 250 100 64
33 955 250 100 64
44 1237 250 100 64
55 1248 250 100 64
66 1207 250 100 64
77 870 250 100 64
88 1139 250 100 64
99 1369 250 100 64
89 918 250 100 64
78 1099 250 100 64
66 959 250 100 64
55 754 250 100 64
44 1050 250 100 64
33 1009 250 100 64
22 698 250 100 64
11 677 250 100 64
0 1395 250 100 64
10 1374 250 100 64
21 787 250 100 64
32 707 250 100 64
43 765 250 100 64
55 760 250 100 64
66 1067 250 100 64
77 1103 250 100 64
88 1182 250 100 64
99 712 250 100 64
89 1383 250 100 64
78 1195 250 100 64
67 860 250 100 64
56 1342 250 100 64
45 1369 250 100 64
34 975 250 100 64
22 798 250 100 64
11 919 250 100 64
0 1037 250 100 64
10 1082 250 100 64
21 967 250 100 64
32 1052 250 100 64
43 1360 250 100 64
54 1195 250 100 64
65 1293 250 100 64
76 682 250 100 64
87 867 250 100 64
99 813 250 100 64
89 1049 250 100 64
78 1266 250 100 64
67 1022 250 100 64
56 847 250 100 64
45 642 250 100 64
34 765 250 100 64
23 1219 250 100 64
12 1208 250 100 64
1 998 250 100 64
9 1236 250 100 64
20 964 250 100 64
32 791 250 100 64
43 1351 250 100 64
54 1212 250 100 64
65 1267 250 100 64
76 667 250 100 64
87 1031 250 100 64
98 896 250 100 64
90 1225 250 100 64
79 866 250 100 64
68 1252 250 100 64
57 943 250 100 64
45 1014 250 100 64
34 1168 250 100 64
23 1296 250 100 64
12 1253 250 100 64
1 871 250 100 64
9 1088 250 100 64
20 1106 250 100 64
31 1356 250 100 64
42 889 250 100 64
53 666 250 100 64
64 668 250 100 64
76 797 250 100 64
87 797 250 100 64
98 1253 250 100 64
90 1002 250 100 64
79 1129 250 100 64
68 1352 250 100 64
57 696 250 100 64
46 1149 250 100 64
35 694 250 100 64
24 926 250 100 64
13 1333 250 100 64
1 758 250 100 64
9 616 250 100 64
20 890 250 100 64
31 1170 250 100 64
42 1071 250 100 64
53 1187 250 100 64
64 607 250 100 64
75 1079 250 100 64
86 1118 250 100 64
97 651 250 100 64
91 1216 250 100 64
80 778 250 100 64
68 1094 250 100 64
57 1198 250 100 64
46 620 250 100 64
35 1221 250 100 64
24 956 250 100 64
13 1345 250 100 64
2 1275 250 100 64
8 1388 250 100 64
19 604 250 100 64
30 1128 250 100 64
41 1173 250 100 64
53 667 250 100 64
64 873 250 100 64
75 888 250 100 64
86 836 250 100 64
97 1246 250 100 64
91 1318 250 100 64
80 856 250 100 64
69 699 250 100 64
58 901 250 100 64
47 1200 250 100 64
36 746 250 100 64
24 900 250 100 64
13 978 250 100 64
2 1278 250 100 64
8 938 250 100 64
19 1063 250 100 64
30 787 250 100 64
41 794 250 100 64
52 1267 250 100 64
63 893 250 100 64
74 786 250 100 64
85 858 250 100 64
97 609 250 100 64
91 756 250 100 64
80 968 250 100 64
69 640 250 100 64
58 1273 250 100 64
47 671 250 100 64
36 850 250 100 64
25 756 250 100 64
14 1382 250 100 64
3 897 250 100 64
7 1062 250 100 64
18 1054 250 100 64
30 866 250 100 64
41 918 250 100 64
52 931 250 100 64
63 801 250 100 64
74 1047 250 100 64
85 834 250 100 64
96 869 250 100 64
92 1276 250 100 64
81 1027 250 100 64
70 1145 250 100 64
59 764 250 100 64
47 1150 250 100 64
36 1274 250 100 64
25 942 250 100 64
14 764 250 100 64
3 678 250 100 64
7 813 250 100 64
18 892 250 100 64
29 1265 250 100 64
40 1086 250 100 64
51 811 250 100 64
62 626 250 100 64
74 1301 250 100 64
85 758 250 100 64
96 962 250 100 64
92 928 250 100 64
81 928 250 100 64
70 1022 250 100 64
59 681 250 100 64
48 1118 250 100 64
37 1213 250 100 64
26 742 250 100 64
15 1087 250 100 64
3 1247 250 100 64
7 1023 250 100 64
18 1299 250 100 64
29 1390 250 100 64
40 1077 250 100 64
51 1010 250 100 64
62 1185 250 100 64
73 881 250 100 64
84 675 250 100 64
95 1201 250 100 64
93 985 250 100 64
81 918 250 100 64
70 993 250 100 64
59 982 250 100 64
48 1170 250 100 64
37 1314 250 100 64
26 1263 250 100 64
15 689 250 100 64
4 678 250 100 64
6 725 250 100 64
17 1180 250 100 64
